0.6591293416
2.0037112434
2.0865677211
3.2600481026
2.7601755774
3.4413803967
4.4301782148
4.1771760026
3.7699447277
3.9281142438
4.93965231
4.6811427183
4.6704582109
5.5478609523
6.0904051419
7.2049467759
0.8294383497
1.7049968042
2.2880617825
3.1253977458
2.9908067049
4.4097777123
4.4850802289
3.8768681479
4.3273390462
4.329657312
4.8224961529
4.5927501407
5.4813721119
6.2764472142
5.7552642408
6.8983806362
0.8661065211
1.5490529952
2.3184746439
2.6216899799
3.3786725574
2.6977065778
4.0675331613
3.5649253477
3.8089834878
4.0409755823
5.4171518122
5.3884876266
4.6972666925
6.3659124237
6.409544565
7.2194321922
0.7044194939
2.0494102414
1.7459340452
3.4725704608
3.23900733
2.7356508654
3.5116862862
4.4246788577
3.7813519002
4.022682606
5.2278026936
5.2961822546
4.7622393353
6.1342679481
6.4669565521
7.376343376
